Zuordnung der Bildreihen
========================

gruppe_001: 01, 17, 45, 46
gruppe_002: 02, 03, 18, 44, 47, 81, 89, 90, 91, 105, 106
gruppe_003: 04, 19, 42, 49, 61, 62, 83, 84, 85, 87
gruppe_004: 05, 20, 41, 43, 48, 88
gruppe_005: 06, 22, 39, 50
gruppe_006: 07, 21, 40, 51
gruppe_007: 08, 52
gruppe_008: 09, 23, 37, 53
gruppe_009: 10, 11, 12, 54, 55, 80
gruppe_010: 15
gruppe_011: 14, 64, 65, 66, 67, 68, 69, 70, 71, 82, 86
gruppe_012: 24, 38
gruppe_013: 25, 26, 35, 36
gruppe_014: 16, 28, 29, 32, 34, 58, 63
gruppe_015: 27, 33, 57
gruppe_016: keine Bilder
gruppe_017: 59, 60
gruppe_018: 13, 56, 79
gruppe_019: 76, 77, 78
gruppe_020: 72, 73, 74, 75
gruppe_021: 92, 94, 96, 99
gruppe_022: 93, 95, 97, 98
gruppe_023: 100
gruppe_024: 101
gruppe_025: 102
gruppe_026: 103, 104
gruppe_027: 107, 108
gruppe_028: 30, 31
